I
1050 Generated by WorldEditor

1   1966 1 0 SBYS CAMPO FONTENELLE
1302 city Pirassununga
1302 country Brazil
1302 datum_lat -21.984444444
1302 datum_lon -47.344166667
1302 faa_code 
1302 iata_code QPS
1302 icao_code SBYS
1302 region_code SB
1302 state São Paulo
1302 transition_alt 7000
1302 transition_level 
100 45.11 1 0 0.25 0 1 1 02C -21.99405510 -047.34115000    0    0 3 0 0 0 20C -21.97501110 -047.34120600    0    0 2 0 0 0
100 45.11 1 0 0.25 0 1 1 02L -21.99404982 -047.34264700    0    0 2 0 0 0 20R -21.97500582 -047.34269700    0    0 2 0 0 0
100 45.11 1 0 0.25 0 1 1 02R -21.99321682 -047.32679700    0    0 2 0 0 0 20L -21.97606382 -047.32691100    0    0 2 0 0 0
102 H3 -21.98692686 -047.32994524  90.00 36.10 39.20 1 0 0 0.00 1
102 H4 -21.97854375 -047.33906212   0.00 22.90 26.30 2 0 0 0.00 1
102 H1 -21.98552655 -047.33938191  90.00 32.20 33.80 2 0 2 0.00 1
102 H2 -21.98864443 -047.33909975  90.00 31.10 31.90 1 0 0 0.00 1
102 H5 -21.97516581 -047.33936431 320.02 16.30 18.10 1 0 0 0.00 1
110 1 0.00 0.0000 New Taxiway 1
111 -21.98128781 -047.33930333 1
111 -21.98128881 -047.33905254 1
112 -21.98120857 -047.33898305 -21.98113407 -047.33898305 1
111 -21.98113605 -047.33904962 1
111 -21.98113322 -047.33929605 1
114 -21.98120602 -047.33937783 -21.98127908 -047.33937783 1
110 1 0.00 0.0000 New Taxiway 1
111 -21.98033863 -047.33930045 1
111 -21.98033963 -047.33904966 1
112 -21.98025939 -047.33898017 -21.98018489 -047.33898017 1
111 -21.98018687 -047.33904674 1
111 -21.98018404 -047.33929317 1
114 -21.98025684 -047.33937495 -21.98032990 -047.33937495 1
110 1 0.00 0.0000 New Taxiway 1
111 -21.98454386 -047.32962220 1
111 -21.98454486 -047.32937141 1
112 -21.98446462 -047.32930192 -21.98439012 -047.32930192 1
111 -21.98439210 -047.32936849 1
111 -21.98438927 -047.32961492 1
114 -21.98446207 -047.32969670 -21.98453513 -047.32969670 1
110 1 0.00 0.0000 New Taxiway 1
111 -21.98336135 -047.32965027 1
111 -21.98336236 -047.32939948 1
112 -21.98328211 -047.32932999 -21.98320761 -047.32932999 1
111 -21.98320959 -047.32939656 1
111 -21.98320676 -047.32964299 1
114 -21.98327957 -047.32972477 -21.98335263 -047.32972477 1
110 1 0.00 0.0000 New Taxiway 1
111 -21.98074496 -047.33930333 1
111 -21.98074596 -047.33905254 1
112 -21.98066572 -047.33898305 -21.98059122 -047.33898305 1
111 -21.98059320 -047.33904962 1
111 -21.98059037 -047.33929605 1
114 -21.98066317 -047.33937783 -21.98073623 -047.33937783 1
110 1 0.00 0.0000 New Taxiway 1
111 -21.97979577 -047.33930045 1
111 -21.97979678 -047.33904966 1
112 -21.97971654 -047.33898017 -21.97964204 -047.33898017 1
111 -21.97964401 -047.33904674 1
111 -21.97964118 -047.33929317 1
114 -21.97971399 -047.33937495 -21.97978705 -047.33937495 1
110 1 0.00 0.0000 New Taxiway 1
111 -21.98400100 -047.32962220 1
111 -21.98400201 -047.32937141 1
112 -21.98392177 -047.32930192 -21.98384727 -047.32930192 1
111 -21.98384924 -047.32936849 1
111 -21.98384641 -047.32961492 1
114 -21.98391922 -047.32969670 -21.98399228 -047.32969670 1
110 1 0.00 0.0000 New Taxiway 1
111 -21.98281850 -047.32965027 1
111 -21.98281950 -047.32939948 1
112 -21.98273926 -047.32932999 -21.98266476 -047.32932999 1
111 -21.98266674 -047.32939656 1
111 -21.98266391 -047.32964299 1
114 -21.98273671 -047.32972477 -21.98280977 -047.32972477 1
110 1 0.00 0.0000 New Taxiway 1
111 -21.98227426 -047.32965027 1
111 -21.98227527 -047.32939948 1
112 -21.98219503 -047.32932999 -21.98212053 -047.32932999 1
111 -21.98212251 -047.32939656 1
111 -21.98211968 -047.32964299 1
114 -21.98219248 -047.32972477 -21.98226554 -047.32972477 1
110 1 0.00 0.0000 New Taxiway 1
111 -21.98101605 -047.33930333 1
111 -21.98101706 -047.33905254 1
112 -21.98093681 -047.33898305 -21.98086231 -047.33898305 1
111 -21.98086429 -047.33904962 1
111 -21.98086146 -047.33929605 1
114 -21.98093427 -047.33937783 -21.98100733 -047.33937783 1
110 1 0.00 0.0000 New Taxiway 1
111 -21.98006687 -047.33930045 1
111 -21.98006788 -047.33904966 1
112 -21.97998763 -047.33898017 -21.97991313 -047.33898017 1
111 -21.97991511 -047.33904674 1
111 -21.97991228 -047.33929317 1
114 -21.97998509 -047.33937495 -21.98005815 -047.33937495 1
110 1 0.00 0.0000 New Taxiway 1
111 -21.98427210 -047.32962220 1
111 -21.98427311 -047.32937141 1
112 -21.98419286 -047.32930192 -21.98411836 -047.32930192 1
111 -21.98412034 -047.32936849 1
111 -21.98411751 -047.32961492 1
114 -21.98419032 -047.32969670 -21.98426338 -047.32969670 1
110 1 0.00 0.0000 New Taxiway 1
111 -21.98308959 -047.32965027 1
111 -21.98309060 -047.32939948 1
112 -21.98301036 -047.32932999 -21.98293586 -047.32932999 1
111 -21.98293783 -047.32939656 1
111 -21.98293500 -047.32964299 1
114 -21.98300781 -047.32972477 -21.98308087 -047.32972477 1
110 1 0.00 0.0000 New Taxiway 1
111 -21.98254674 -047.32965027 1
111 -21.98254775 -047.32939948 1
112 -21.98246751 -047.32932999 -21.98239301 -047.32932999 1
111 -21.98239498 -047.32939656 1
111 -21.98239215 -047.32964299 1
114 -21.98246496 -047.32972477 -21.98253802 -047.32972477 1
110 1 0.00 0.0000 New Taxiway 1
111 -21.98200251 -047.32965027 1
111 -21.98200352 -047.32939948 1
112 -21.98192327 -047.32932999 -21.98184877 -047.32932999 1
111 -21.98185075 -047.32939656 1
111 -21.98184792 -047.32964299 1
114 -21.98192073 -047.32972477 -21.98199379 -047.32972477 1
110 1 0.00 0.0000 New Taxiway 1
111 -21.98061341 -047.33930242 1
111 -21.98061442 -047.33905163 1
112 -21.98053417 -047.33898214 -21.98045967 -047.33898214 1
111 -21.98046165 -047.33904871 1
111 -21.98045882 -047.33929514 1
114 -21.98053163 -047.33937692 -21.98060468 -047.33937692 1
110 1 0.00 0.0000 New Taxiway 1
111 -21.98481864 -047.32962417 1
111 -21.98481965 -047.32937338 1
112 -21.98473940 -047.32930389 -21.98466490 -047.32930389 1
111 -21.98466688 -047.32937046 1
111 -21.98466405 -047.32961689 1
114 -21.98473686 -047.32969867 -21.98480991 -047.32969867 1
110 1 0.00 0.0000 New Taxiway 1
111 -21.98363613 -047.32965224 1
111 -21.98363714 -047.32940145 1
112 -21.98355690 -047.32933196 -21.98348240 -047.32933196 1
111 -21.98348437 -047.32939853 1
111 -21.98348154 -047.32964496 1
114 -21.98355435 -047.32972674 -21.98362741 -047.32972674 1
110 1 0.00 0.0000 New Taxiway 1
111 -21.98142460 -047.33930530 1
111 -21.98142560 -047.33905451 1
112 -21.98134536 -047.33898502 -21.98127086 -047.33898502 1
111 -21.98127284 -047.33905159 1
111 -21.98127001 -047.33929802 1
114 -21.98134281 -047.33937980 -21.98141587 -047.33937980 1
110 1 0.00 0.0000 New Taxiway 1
111 -21.98047542 -047.33930242 1
111 -21.98047642 -047.33905163 1
112 -21.98039618 -047.33898214 -21.98032168 -047.33898214 1
111 -21.98032366 -047.33904871 1
111 -21.98032083 -047.33929514 1
114 -21.98039363 -047.33937692 -21.98046669 -047.33937692 1
110 1 0.00 0.0000 New Taxiway 1
111 -21.98468065 -047.32962417 1
111 -21.98468165 -047.32937338 1
112 -21.98460141 -047.32930389 -21.98452691 -047.32930389 1
111 -21.98452889 -047.32937046 1
111 -21.98452606 -047.32961689 1
114 -21.98459886 -047.32969867 -21.98467192 -047.32969867 1
110 1 0.00 0.0000 New Taxiway 1
111 -21.98349814 -047.32965224 1
111 -21.98349915 -047.32940145 1
112 -21.98341890 -047.32933196 -21.98334440 -047.32933196 1
111 -21.98334638 -047.32939853 1
111 -21.98334355 -047.32964496 1
114 -21.98341636 -047.32972674 -21.98348942 -047.32972674 1
110 1 0.00 0.0000 New Taxiway 1
111 -21.98087462 -047.33930242 1
111 -21.98087563 -047.33905163 1
112 -21.98079539 -047.33898214 -21.98072089 -047.33898214 1
111 -21.98072286 -047.33904871 1
111 -21.98072003 -047.33929514 1
114 -21.98079284 -047.33937692 -21.98086590 -047.33937692 1
110 1 0.00 0.0000 New Taxiway 1
111 -21.97993257 -047.33930242 1
111 -21.97993357 -047.33905163 1
112 -21.97985333 -047.33898214 -21.97977883 -047.33898214 1
111 -21.97978081 -047.33904871 1
111 -21.97977798 -047.33929514 1
114 -21.97985078 -047.33937692 -21.97992384 -047.33937692 1
110 1 0.00 0.0000 New Taxiway 1
111 -21.98413780 -047.32962417 1
111 -21.98413880 -047.32937338 1
112 -21.98405856 -047.32930389 -21.98398406 -047.32930389 1
111 -21.98398604 -047.32937046 1
111 -21.98398321 -047.32961689 1
114 -21.98405601 -047.32969867 -21.98412907 -047.32969867 1
110 1 0.00 0.0000 New Taxiway 1
111 -21.98295192 -047.33002832 1
111 -21.98295292 -047.32977753 1
112 -21.98287268 -047.32970804 -21.98279818 -047.32970804 1
111 -21.98280016 -047.32977461 1
111 -21.98279733 -047.33002104 1
114 -21.98287013 -047.33010282 -21.98294319 -047.33010282 1
110 1 0.00 0.0000 New Taxiway 1
111 -21.98295529 -047.32965224 1
111 -21.98295629 -047.32940145 1
112 -21.98287605 -047.32933196 -21.98280155 -047.32933196 1
111 -21.98280353 -047.32939853 1
111 -21.98280070 -047.32964496 1
114 -21.98287351 -047.32972674 -21.98294656 -047.32972674 1
110 1 0.00 0.0000 New Taxiway 1
111 -21.98241106 -047.32965224 1
111 -21.98241206 -047.32940145 1
112 -21.98233182 -047.32933196 -21.98225732 -047.32933196 1
111 -21.98225930 -047.32939853 1
111 -21.98225647 -047.32964496 1
114 -21.98232927 -047.32972674 -21.98240233 -047.32972674 1
110 1 0.00 0.0000 New Taxiway 1
111 -21.98115284 -047.33930530 1
111 -21.98115385 -047.33905451 1
112 -21.98107361 -047.33898502 -21.98099911 -047.33898502 1
111 -21.98100108 -047.33905159 1
111 -21.98099825 -047.33929802 1
114 -21.98107106 -047.33937980 -21.98114412 -047.33937980 1
110 1 0.00 0.0000 New Taxiway 1
111 -21.98020366 -047.33930242 1
111 -21.98020467 -047.33905163 1
112 -21.98012442 -047.33898214 -21.98004992 -047.33898214 1
111 -21.98005190 -047.33904871 1
111 -21.98004907 -047.33929514 1
114 -21.98012188 -047.33937692 -21.98019494 -047.33937692 1
110 1 0.00 0.0000 New Taxiway 1
111 -21.98440889 -047.32962417 1
111 -21.98440990 -047.32937338 1
112 -21.98432965 -047.32930389 -21.98425515 -047.32930389 1
111 -21.98425713 -047.32937046 1
111 -21.98425430 -047.32961689 1
114 -21.98432711 -047.32969867 -21.98440017 -047.32969867 1
110 1 0.00 0.0000 New Taxiway 1
111 -21.98322638 -047.32965224 1
111 -21.98322739 -047.32940145 1
112 -21.98314715 -047.32933196 -21.98307265 -047.32933196 1
111 -21.98307463 -047.32939853 1
111 -21.98307179 -047.32964496 1
114 -21.98314460 -047.32972674 -21.98321766 -047.32972674 1
110 1 0.00 0.0000 New Taxiway 1
111 -21.98268353 -047.32965224 1
111 -21.98268454 -047.32940145 1
112 -21.98260430 -047.32933196 -21.98252980 -047.32933196 1
111 -21.98253177 -047.32939853 1
111 -21.98252894 -047.32964496 1
114 -21.98260175 -047.32972674 -21.98267481 -047.32972674 1
110 1 0.00 0.0000 New Taxiway 1
111 -21.98213930 -047.32965224 1
111 -21.98214031 -047.32940145 1
112 -21.98206006 -047.32933196 -21.98198556 -047.32933196 1
111 -21.98198754 -047.32939853 1
111 -21.98198471 -047.32964496 1
114 -21.98205752 -047.32972674 -21.98213058 -047.32972674 1
110 1 0.00 0.0000 New Taxiway 1
111 -21.98061061 -047.33967465 1
111 -21.98061162 -047.33942386 1
112 -21.98053138 -047.33935437 -21.98045688 -047.33935437 1
111 -21.98045885 -047.33942094 1
111 -21.98045602 -047.33966737 1
114 -21.98052883 -047.33974915 -21.98060189 -047.33974915 1
110 1 0.00 0.0000 New Taxiway 1
111 -21.98481584 -047.32999640 1
111 -21.98481685 -047.32974562 1
112 -21.98473661 -047.32967613 -21.98466211 -047.32967613 1
111 -21.98466408 -047.32974269 1
111 -21.98466125 -047.32998912 1
114 -21.98473406 -047.33007090 -21.98480712 -047.33007090 1
110 1 0.00 0.0000 New Taxiway 1
111 -21.98363334 -047.33002447 1
111 -21.98363434 -047.32977368 1
112 -21.98355410 -047.32970419 -21.98347960 -047.32970419 1
111 -21.98348158 -047.32977076 1
111 -21.98347875 -047.33001719 1
114 -21.98355155 -047.33009897 -21.98362461 -047.33009897 1
110 1 0.00 0.0000 New Taxiway 1
111 -21.98142180 -047.33967753 1
111 -21.98142281 -047.33942674 1
112 -21.98134256 -047.33935725 -21.98126806 -047.33935725 1
111 -21.98127004 -047.33942382 1
111 -21.98126721 -047.33967025 1
114 -21.98134002 -047.33975203 -21.98141308 -047.33975203 1
110 1 0.00 0.0000 New Taxiway 1
111 -21.98047262 -047.33967465 1
111 -21.98047363 -047.33942386 1
112 -21.98039338 -047.33935437 -21.98031888 -047.33935437 1
111 -21.98032086 -047.33942094 1
111 -21.98031803 -047.33966737 1
114 -21.98039084 -047.33974915 -21.98046390 -047.33974915 1
110 1 0.00 0.0000 New Taxiway 1
111 -21.98467785 -047.32999640 1
111 -21.98467886 -047.32974562 1
112 -21.98459861 -047.32967613 -21.98452411 -047.32967613 1
111 -21.98452609 -047.32974269 1
111 -21.98452326 -047.32998912 1
114 -21.98459607 -047.33007090 -21.98466913 -047.33007090 1
110 1 0.00 0.0000 New Taxiway 1
111 -21.98349534 -047.33002447 1
111 -21.98349635 -047.32977368 1
112 -21.98341611 -047.32970419 -21.98334161 -047.32970419 1
111 -21.98334358 -047.32977076 1
111 -21.98334075 -047.33001719 1
114 -21.98341356 -047.33009897 -21.98348662 -047.33009897 1
110 1 0.00 0.0000 New Taxiway 1
111 -21.98240826 -047.33002447 1
111 -21.98240926 -047.32977368 1
112 -21.98232902 -047.32970419 -21.98225452 -047.32970419 1
111 -21.98225650 -047.32977076 1
111 -21.98225367 -047.33001719 1
114 -21.98232648 -047.33009897 -21.98239954 -047.33009897 1
110 1 0.00 0.0000 New Taxiway 1
111 -21.98115005 -047.33967753 1
111 -21.98115105 -047.33942674 1
112 -21.98107081 -047.33935725 -21.98099631 -047.33935725 1
111 -21.98099829 -047.33942382 1
111 -21.98099546 -047.33967025 1
114 -21.98106826 -047.33975203 -21.98114132 -047.33975203 1
110 1 0.00 0.0000 New Taxiway 1
111 -21.98020087 -047.33967465 1
111 -21.98020187 -047.33942386 1
112 -21.98012163 -047.33935437 -21.98004713 -047.33935437 1
111 -21.98004911 -047.33942094 1
111 -21.98004628 -047.33966737 1
114 -21.98011908 -047.33974915 -21.98019214 -047.33974915 1
110 1 0.00 0.0000 New Taxiway 1
111 -21.98440610 -047.32999640 1
111 -21.98440710 -047.32974562 1
112 -21.98432686 -047.32967613 -21.98425236 -047.32967613 1
111 -21.98425434 -047.32974269 1
111 -21.98425151 -047.32998912 1
114 -21.98432431 -047.33007090 -21.98439737 -047.33007090 1
110 1 0.00 0.0000 New Taxiway 1
111 -21.98322359 -047.33002447 1
111 -21.98322460 -047.32977368 1
112 -21.98314435 -047.32970419 -21.98306985 -047.32970419 1
111 -21.98307183 -047.32977076 1
111 -21.98306900 -047.33001719 1
114 -21.98314181 -047.33009897 -21.98321486 -047.33009897 1
110 1 0.00 0.0000 New Taxiway 1
111 -21.98268074 -047.33002447 1
111 -21.98268174 -047.32977368 1
112 -21.98260150 -047.32970419 -21.98252700 -047.32970419 1
111 -21.98252898 -047.32977076 1
111 -21.98252615 -047.33001719 1
114 -21.98259896 -047.33009897 -21.98267201 -047.33009897 1
110 1 0.00 0.0000 New Taxiway 1
111 -21.98213651 -047.33002447 1
111 -21.98213751 -047.32977368 1
112 -21.98205727 -047.32970419 -21.98198277 -047.32970419 1
111 -21.98198474 -047.32977076 1
111 -21.98198192 -047.33001719 1
114 -21.98205472 -047.33009897 -21.98212778 -047.33009897 1
110 1 0.00 0.0000 New Taxiway 1
111 -21.98128575 -047.33967907 1
111 -21.98128676 -047.33942828 1
112 -21.98120652 -047.33935879 -21.98113202 -047.33935879 1
111 -21.98113399 -047.33942536 1
111 -21.98113116 -047.33967179 1
114 -21.98120397 -047.33975357 -21.98127703 -047.33975357 1
110 1 0.00 0.0000 New Taxiway 1
111 -21.98033657 -047.33967619 1
111 -21.98033758 -047.33942540 1
112 -21.98025733 -047.33935591 -21.98018283 -047.33935591 1
111 -21.98018481 -047.33942248 1
111 -21.98018198 -047.33966891 1
114 -21.98025479 -047.33975069 -21.98032785 -047.33975069 1
110 1 0.00 0.0000 New Taxiway 1
111 -21.98454180 -047.32999794 1
111 -21.98454281 -047.32974715 1
112 -21.98446256 -047.32967767 -21.98438806 -047.32967767 1
111 -21.98439004 -047.32974423 1
111 -21.98438721 -047.32999066 1
114 -21.98446002 -047.33007244 -21.98453308 -047.33007244 1
110 1 0.00 0.0000 New Taxiway 1
111 -21.98335930 -047.33002601 1
111 -21.98336030 -047.32977522 1
112 -21.98328006 -047.32970573 -21.98320556 -047.32970573 1
111 -21.98320753 -047.32977230 1
111 -21.98320471 -047.33001873 1
114 -21.98327751 -047.33010051 -21.98335057 -047.33010051 1
110 1 0.00 0.0000 New Taxiway 1
111 -21.98087992 -047.33967948 1
111 -21.98088093 -047.33942869 1
112 -21.98080068 -047.33935921 -21.98072618 -047.33935921 1
111 -21.98072816 -047.33942577 1
111 -21.98072533 -047.33967220 1
114 -21.98079814 -047.33975398 -21.98087120 -047.33975398 1
110 1 0.00 0.0000 New Taxiway 1
111 -21.97993074 -047.33967660 1
111 -21.97993175 -047.33942581 1
112 -21.97985150 -047.33935633 -21.97977700 -047.33935633 1
111 -21.97977898 -047.33942289 1
111 -21.97977615 -047.33966932 1
114 -21.97984896 -047.33975110 -21.97992202 -047.33975110 1
110 1 0.00 0.0000 New Taxiway 1
111 -21.98413597 -047.32999835 1
111 -21.98413698 -047.32974756 1
112 -21.98405673 -047.32967808 -21.98398223 -047.32967808 1
111 -21.98398421 -047.32974464 1
111 -21.98398138 -047.32999107 1
114 -21.98405419 -047.33007285 -21.98412725 -047.33007285 1
110 1 0.00 0.0000 New Taxiway 1
111 -21.98074290 -047.33967907 1
111 -21.98074391 -047.33942828 1
112 -21.98066366 -047.33935879 -21.98058916 -047.33935879 1
111 -21.98059114 -047.33942536 1
111 -21.98058831 -047.33967179 1
114 -21.98066112 -047.33975357 -21.98073418 -047.33975357 1
110 1 0.00 0.0000 New Taxiway 1
111 -21.97979372 -047.33967619 1
111 -21.97979473 -047.33942540 1
112 -21.97971448 -047.33935591 -21.97963998 -047.33935591 1
111 -21.97964196 -047.33942248 1
111 -21.97963913 -047.33966891 1
114 -21.97971194 -047.33975069 -21.97978500 -047.33975069 1
110 1 0.00 0.0000 New Taxiway 1
111 -21.98399895 -047.32999794 1
111 -21.98399996 -047.32974715 1
112 -21.98391971 -047.32967767 -21.98384521 -047.32967767 1
111 -21.98384719 -047.32974423 1
111 -21.98384436 -047.32999066 1
114 -21.98391717 -047.33007244 -21.98399023 -047.33007244 1
110 1 0.00 0.0000 New Taxiway 1
111 -21.98281644 -047.33002601 1
111 -21.98281745 -047.32977522 1
112 -21.98273721 -047.32970573 -21.98266271 -047.32970573 1
111 -21.98266468 -047.32977230 1
111 -21.98266185 -047.33001873 1
114 -21.98273466 -047.33010051 -21.98280772 -047.33010051 1
110 1 0.00 0.0000 New Taxiway 1
111 -21.98227221 -047.33002601 1
111 -21.98227322 -047.32977522 1
112 -21.98219297 -047.32970573 -21.98211847 -047.32970573 1
111 -21.98212045 -047.32977230 1
111 -21.98211762 -047.33001873 1
114 -21.98219043 -047.33010051 -21.98226349 -047.33010051 1
110 1 0.00 0.0000 New Taxiway 1
111 -21.98101400 -047.33967907 1
111 -21.98101500 -047.33942828 1
112 -21.98093476 -047.33935879 -21.98086026 -047.33935879 1
111 -21.98086224 -047.33942536 1
111 -21.98085941 -047.33967179 1
114 -21.98093222 -047.33975357 -21.98100527 -047.33975357 1
110 1 0.00 0.0000 New Taxiway 1
111 -21.98006482 -047.33967619 1
111 -21.98006582 -047.33942540 1
112 -21.97998558 -047.33935591 -21.97991108 -047.33935591 1
111 -21.97991306 -047.33942248 1
111 -21.97991023 -047.33966891 1
114 -21.97998303 -047.33975069 -21.98005609 -047.33975069 1
110 1 0.00 0.0000 New Taxiway 1
111 -21.98427005 -047.32999794 1
111 -21.98427105 -047.32974715 1
112 -21.98419081 -047.32967767 -21.98411631 -047.32967767 1
111 -21.98411829 -047.32974423 1
111 -21.98411546 -047.32999066 1
114 -21.98418826 -047.33007244 -21.98426132 -047.33007244 1
110 1 0.00 0.0000 New Taxiway 1
111 -21.98308754 -047.33002601 1
111 -21.98308855 -047.32977522 1
112 -21.98300830 -047.32970573 -21.98293380 -047.32970573 1
111 -21.98293578 -047.32977230 1
111 -21.98293295 -047.33001873 1
114 -21.98300576 -047.33010051 -21.98307882 -047.33010051 1
110 1 0.00 0.0000 New Taxiway 1
111 -21.98254469 -047.33002601 1
111 -21.98254570 -047.32977522 1
112 -21.98246545 -047.32970573 -21.98239095 -047.32970573 1
111 -21.98239293 -047.32977230 1
111 -21.98239010 -047.33001873 1
114 -21.98246291 -047.33010051 -21.98253596 -047.33010051 1
110 1 0.00 0.0000 New Taxiway 1
111 -21.98200046 -047.33002601 1
111 -21.98200146 -047.32977522 1
112 -21.98192122 -047.32970573 -21.98184672 -047.32970573 1
111 -21.98184870 -047.32977230 1
111 -21.98184587 -047.33001873 1
114 -21.98191867 -047.33010051 -21.98199173 -047.33010051 1
110 1 0.35 359.8100 xxx
111 -21.98476177 -047.33883997
111 -21.97910998 -047.33879511
111 -21.97911132 -047.33981655
113 -21.98476311 -047.33986141
110 1 0.35 89.8100 xxx
111 -21.98177481 -047.34097153 1 102
112 -21.98159430 -047.34068966 -21.98159430 -047.34055264 1 102
112 -21.98159216 -047.34036376 -21.98159216 -047.34019360 1 102
111 -21.98179563 -047.34010682 102
111 -21.98120745 -047.34010729 1 102
112 -21.98140307 -047.34035900 -21.98141004 -047.34050164 1 102
112 -21.98140860 -047.34069191 -21.98141234 -047.34090148 1 102
113 -21.98122708 -047.34097049 1 102
110 1 0.35 89.8300 xxx
111 -21.99409020 -047.34287378
111 -21.99409409 -047.34093193
111 -21.99379569 -047.34092925
113 -21.99379180 -047.34287111
110 1 0.35 359.8100 xxx
112 -21.99337376 -047.33996448 -21.99328659 -047.33996277 1 102
111 -21.97587619 -047.34000764 102
111 -21.97589261 -047.34011384 1 102
111 -21.99311007 -047.34009265 102
113 -21.99358501 -047.34009207 1 102
110 1 0.35 89.8300 xxx
111 -21.97524625 -047.34291951
111 -21.97524518 -047.34138602
111 -21.97500832 -047.34138667
113 -21.97500938 -047.34292016
110 1 0.35 89.8300 xxx
111 -21.98181043 -047.34246024 1 102
112 -21.98160527 -047.34223584 -21.98160391 -047.34211553 1 102
112 -21.98160840 -047.34168859 -21.98160840 -047.34155830 1 102
111 -21.98188437 -047.34140478 1 102
111 -21.98112720 -047.34140690 1 102
112 -21.98141107 -047.34168252 -21.98141299 -047.34182095 1 102
112 -21.98141133 -047.34223748 -21.98141133 -047.34242175 1 102
113 -21.98120325 -047.34246184 1 102
110 1 0.00 0.0000 New Taxiway 1
112 -21.98060933 -047.34002693 -21.98060648 -047.34002615
111 -21.98061319 -047.33979662
111 -21.98046034 -047.33980276
114 -21.98046549 -047.34002905 -21.98046806 -047.34002574
110 1 0.35 89.7400 xxx
111 -21.98388005 -047.32942042
111 -21.98387453 -047.32810707
111 -21.98367155 -047.32810806
113 -21.98367707 -047.32942141
110 1 0.35 89.7400 xxx
111 -21.98805103 -047.33676583
111 -21.98804797 -047.33593343
111 -21.98904641 -047.33591963
111 -21.98904602 -047.33558365
111 -21.98818600 -047.33560279
111 -21.98818288 -047.33581376
111 -21.98804749 -047.33581586
111 -21.98804167 -047.33439254
111 -21.98899839 -047.33439254
111 -21.98898611 -047.33225286
111 -21.98798274 -047.33226329
113 -21.98800081 -047.33676683
111 -21.98803317 -047.33373355
111 -21.98809733 -047.33373249
111 -21.98810173 -047.33429682
113 -21.98803516 -047.33429736
111 -21.98801727 -047.33355990
111 -21.98801727 -047.33301967
111 -21.98809189 -047.33301967
113 -21.98809534 -047.33355825
111 -21.98802505 -047.33293263
111 -21.98803061 -047.33234298
111 -21.98809433 -047.33234298
113 -21.98809255 -047.33293279
110 1 0.35 89.7400 xxx
111 -21.98783566 -047.33676616
111 -21.98782634 -047.33235191
111 -21.98777612 -047.33235291
111 -21.98778215 -047.33523787
111 -21.98743106 -047.33524018
111 -21.98742251 -047.33492649
111 -21.98704615 -047.33492713
111 -21.98704352 -047.33561632
111 -21.98742819 -047.33560345
111 -21.98742813 -047.33532636
111 -21.98778248 -047.33532402
113 -21.98778544 -047.33676716
110 1 0.35 89.7400 xxx
111 -21.98693256 -047.32976982
111 -21.98692704 -047.32815081
111 -21.98676858 -047.32815181
113 -21.98677410 -047.32977082
110 1 0.35 180.0000 xxx
111 -21.97965325 -047.34001068
111 -21.97965325 -047.33980962
111 -21.97948070 -047.33981115
113 -21.97948070 -047.34001056
110 1 0.00 0.0000 New Taxiway 3
111 -21.98516892 -047.33860907
111 -21.98549984 -047.33860987
111 -21.98550498 -047.33843906
111 -21.98556271 -047.33843923
111 -21.98556191 -047.33862794
111 -21.98569079 -047.33862956
111 -21.98569100 -047.33838436
111 -21.98558495 -047.33838378
111 -21.98558470 -047.33829691
111 -21.98748987 -047.33830202
111 -21.98749349 -047.33880964
111 -21.98789165 -047.33880021
111 -21.98789021 -047.33844687
111 -21.98763128 -047.33845586
111 -21.98762348 -047.33829254
111 -21.99241319 -047.33828634
111 -21.99240908 -047.33791605
111 -21.99212827 -047.33791448
111 -21.99212827 -047.33820737
111 -21.98626467 -047.33821239
111 -21.98626703 -047.33784881
111 -21.98578605 -047.33785458
111 -21.98578652 -047.33804142
111 -21.98544880 -047.33804742
111 -21.98544889 -047.33820549
111 -21.98527379 -047.33820802
111 -21.98527288 -047.33812287
111 -21.98443344 -047.33811996
111 -21.98441963 -047.33726946
111 -21.98381084 -047.33727171
111 -21.98381729 -047.33703807
111 -21.98370930 -047.33703803
111 -21.98370444 -047.33738380
111 -21.98434342 -047.33739073
111 -21.98435401 -047.33811604
111 -21.98412484 -047.33811236
111 -21.98414019 -047.33899509
111 -21.98475525 -047.33899807
113 -21.98476215 -047.33861079
110 1 0.00 0.0000 New Taxiway 2
111 -21.97740209 -047.33865918
111 -21.98109531 -047.33868551
111 -21.98109531 -047.33746546
111 -21.98060980 -047.33746767
111 -21.98060975 -047.33736931
111 -21.98053848 -047.33737277
111 -21.98054133 -047.33746828
111 -21.97976600 -047.33747172
111 -21.97976663 -047.33737479
111 -21.97964659 -047.33737534
111 -21.97964656 -047.33747249
111 -21.97770508 -047.33748141
111 -21.97770471 -047.33737082
111 -21.97761218 -047.33737312
111 -21.97761114 -047.33747997
113 -21.97739993 -047.33748301
110 1 0.00 0.0000 New Taxiway 1
111 -21.98579641 -047.33666513
111 -21.98621995 -047.33666513
111 -21.98624588 -047.33677141
111 -21.98712768 -047.33677141
111 -21.98715362 -047.33666513
111 -21.98725616 -047.33666513
111 -21.98725616 -047.33587439
111 -21.98648256 -047.33587439
111 -21.98648256 -047.33536659
113 -21.98579641 -047.33537384
110 1 0.00 0.0000 New Taxiway 17
111 -21.98782634 -047.33235191
112 -21.98779540 -047.33221000 -21.98777071 -047.33215010
111 -21.98773980 -047.33208241
111 -21.98798108 -047.33209325
111 -21.98798274 -047.33234583
111 -21.98803061 -047.33234298
112 -21.98804823 -047.33204538 -21.98808136 -047.33178533
111 -21.98804823 -047.33204538
112 -21.98804823 -047.33204538 -21.98807841 -047.33180849
111 -21.98830915 -047.33164259
111 -21.98975526 -047.33164149
111 -21.98976036 -047.33126069
111 -21.98830417 -047.33125802
111 -21.98830952 -047.33155649
112 -21.98802145 -047.33146361 -21.98787693 -047.33138568
111 -21.98802145 -047.33146361
112 -21.98802145 -047.33146361 -21.98789301 -047.33139436
111 -21.98786688 -047.33122775
112 -21.98793546 -047.33068489 -21.98801404 -047.33057189
111 -21.98818055 -047.33054377
111 -21.98818251 -047.33047015
111 -21.98809396 -047.33046313
112 -21.98807672 -047.33045125 -21.98807720 -047.33043893
112 -21.98808739 -047.33031685 -21.98809593 -047.33024716
111 -21.98808739 -047.33031685
112 -21.98808739 -047.33031685 -21.98812348 -047.33002215
112 -21.98880119 -047.32950274 -21.98920903 -047.32920303
112 -21.99071451 -047.32949083 -21.99128704 -047.32993530
111 -21.99071451 -047.32949083
112 -21.99071451 -047.32949083 -21.99113178 -047.32981477
112 -21.99136565 -047.33039590 -21.99137544 -047.33042198
111 -21.99133484 -047.33042264
111 -21.98818251 -047.33047015
111 -21.98818055 -047.33054377
111 -21.99146093 -047.33052459
112 -21.99142893 -047.33040315 -21.99142505 -047.33039309
111 -21.99142893 -047.33040315
112 -21.99142893 -047.33040315 -21.99137225 -047.33025653
112 -21.99076389 -047.32946024 -21.99036617 -047.32915092
111 -21.99076389 -047.32946024
112 -21.99076389 -047.32946024 -21.99028628 -047.32908879
112 -21.98880264 -047.32941612 -21.98814757 -047.32981980
111 -21.98800937 -047.33026756
112 -21.98781235 -047.33081247 -21.98778325 -047.33095371
111 -21.98777330 -047.33122230
112 -21.98758234 -047.33148017 -21.98746170 -047.33157463
111 -21.98758234 -047.33148017
112 -21.98758234 -047.33148017 -21.98742272 -047.33160515
111 -21.98726438 -047.33169637
111 -21.98726438 -047.33176329
112 -21.98757922 -047.33198780 -21.98771638 -047.33214429
113 -21.98777612 -047.33235291
111 -21.98736152 -047.33173618
111 -21.98749952 -047.33165999
112 -21.98749228 -047.33174417 -21.98749211 -047.33178227
113 -21.98749952 -047.33182299
111 -21.98780785 -047.33202794
112 -21.98754764 -047.33173789 -21.98755420 -047.33148085
111 -21.98781441 -047.33146434
114 -21.98806150 -047.33173789 -21.98806150 -047.33203502
111 -21.98781657 -047.33126038
111 -21.98787788 -047.33139345
112 -21.98779688 -047.33137764 -21.98776392 -047.33137764
113 -21.98771464 -047.33139676
111 -21.98811373 -047.33175154
112 -21.98811692 -047.33166676 -21.98811385 -047.33162626
111 -21.98810423 -047.33159780
113 -21.98826037 -047.33161976
110 1 0.00 0.0000 New Taxiway 75
111 -21.97565305 -047.34001537
111 -21.97574596 -047.34001219
111 -21.97524257 -047.33940805
113 -21.97519010 -047.33945469
110 1 0.00 0.0000 New Taxiway 14
111 -21.97911513 -047.33900516
111 -21.97864661 -047.33900737
111 -21.97864701 -047.33911319
113 -21.97911602 -047.33911169
110 1 0.00 0.0000 New Taxiway 13
111 -21.97733790 -047.33901541
112 -21.97736633 -047.33974489 -21.97733463 -047.33985365
111 -21.97736633 -047.33974489
112 -21.97736633 -047.33974489 -21.97735126 -047.33979659
112 -21.97722538 -047.33991469 -21.97716712 -047.33991647
111 -21.97722538 -047.33991469
112 -21.97722538 -047.33991469 -21.97717199 -047.33991425
112 -21.97713340 -047.33991207 -21.97713156 -047.33991569
111 -21.97713340 -047.33991207
112 -21.97713340 -047.33991207 -21.97713165 -047.33991774
111 -21.97713885 -047.34000597
111 -21.97729565 -047.34000598
112 -21.97742293 -047.33981038 -21.97740235 -047.33975829
111 -21.97742293 -047.33981038
112 -21.97742293 -047.33981038 -21.97742243 -047.33980912
112 -21.97742615 -047.33980974 -21.97742641 -047.33980958
111 -21.97742615 -047.33980974
112 -21.97742615 -047.33980974 -21.97741991 -047.33990599
111 -21.97758044 -047.34001049
111 -21.97768083 -047.34000402
112 -21.97745055 -047.33971536 -21.97744760 -047.33961455
113 -21.97744947 -047.33901793
110 1 0.00 0.0000 New Taxiway 12
111 -21.97660931 -047.34001347
111 -21.97678799 -047.34001347
112 -21.97695699 -047.33982355 -21.97696132 -047.33975363
111 -21.97695699 -047.33982355
112 -21.97695699 -047.33982355 -21.97695707 -047.33982226
112 -21.97695827 -047.33982354 -21.97695956 -047.33982463
111 -21.97695827 -047.33982354
112 -21.97695827 -047.33982354 -21.97695822 -047.33990478
111 -21.97713885 -047.34000597
111 -21.97724538 -047.34000465
112 -21.97712355 -047.33991127 -21.97694264 -047.33991277
111 -21.97712355 -047.33991127
112 -21.97712355 -047.33991127 -21.97706589 -047.33985784
112 -21.97699913 -047.33972144 -21.97700084 -047.33965934
111 -21.97699913 -047.33972144
112 -21.97699913 -047.33972144 -21.97700250 -047.33959893
111 -21.97701961 -047.33900676
111 -21.97692906 -047.33900330
114 -21.97691562 -047.33974648 -21.97688536 -047.33987233
110 1 0.00 0.0000 New Taxiway 9
111 -21.97620073 -047.33809323
111 -21.97658057 -047.33809176
111 -21.97658193 -047.33761389
111 -21.97647204 -047.33761389
111 -21.97646954 -047.33745638
111 -21.97719621 -047.33743687
111 -21.97718199 -047.33832623
111 -21.97729052 -047.33832623
111 -21.97730861 -047.33733665
111 -21.97629678 -047.33735198
111 -21.97629569 -047.33760901
113 -21.97620596 -047.33761494
110 1 0.00 0.0000 New Taxiway 8
111 -21.97675063 -047.33902497
111 -21.97775043 -047.33902497
111 -21.97775043 -047.33872460
111 -21.97727789 -047.33872460
111 -21.97729281 -047.33831158
111 -21.97658151 -047.33831158
111 -21.97658151 -047.33864414
113 -21.97675560 -047.33864414
110 1 0.00 0.0000 New Taxiway 6
111 -21.97576060 -047.34001163
111 -21.97584624 -047.34000867
111 -21.97584626 -047.33930365
111 -21.97590728 -047.33930211
111 -21.97590728 -047.33902859
111 -21.97543830 -047.33903293
111 -21.97543876 -047.33930583
113 -21.97576781 -047.33930365
110 1 0.00 0.0000 New Taxiway 4
112 -21.98193826 -047.33999352 -21.98190217 -047.33999444
112 -21.98193442 -047.33981463 -21.98198064 -047.33981337
112 -21.98175575 -047.33982010 -21.98180122 -047.33982881
114 -21.98176172 -047.33999260 -21.98172037 -047.34001149
110 1 0.00 0.0000 New Taxiway 4
112 -21.98224735 -047.34001204 -21.98221126 -047.34001295
112 -21.98224352 -047.33983315 -21.98228974 -047.33983189
112 -21.98206485 -047.33983862 -21.98211032 -047.33984733
114 -21.98207082 -047.34001112 -21.98202947 -047.34003001
110 1 0.00 0.0000 New Taxiway 4
112 -21.98250739 -047.34001204 -21.98247130 -047.34001295
112 -21.98250355 -047.33983315 -21.98254977 -047.33983189
112 -21.98232488 -047.33983862 -21.98237035 -047.33984733
114 -21.98233085 -047.34001112 -21.98228950 -047.34003001
110 1 0.00 0.0000 New Taxiway 4
112 -21.98282630 -047.34001204 -21.98279020 -047.34001295
112 -21.98282246 -047.33983315 -21.98286868 -047.33983189
112 -21.98264379 -047.33983862 -21.98268926 -047.33984733
114 -21.98264976 -047.34001112 -21.98260841 -047.34003001
110 1 0.00 0.0000 New Taxiway 4
112 -21.98314275 -047.34001468 -21.98310666 -047.34001560
112 -21.98313891 -047.33983579 -21.98318514 -047.33983453
112 -21.98296025 -047.33984127 -21.98300572 -047.33984997
114 -21.98296622 -047.34001376 -21.98292487 -047.34003266
110 1 0.00 0.0000 New Taxiway 4
112 -21.98340033 -047.34001468 -21.98336424 -047.34001560
112 -21.98339649 -047.33983579 -21.98344272 -047.33983453
112 -21.98321783 -047.33984127 -21.98326330 -047.33984997
114 -21.98322380 -047.34001376 -21.98318245 -047.34003266
110 1 0.00 0.0000 New Taxiway 4
112 -21.98363171 -047.34001278 -21.98359562 -047.34001369
112 -21.98362787 -047.33983389 -21.98367409 -047.33983263
112 -21.98344921 -047.33983936 -21.98349467 -047.33984806
114 -21.98345517 -047.34001186 -21.98341383 -047.34003075
110 1 0.00 0.0000 New Taxiway 4
111 -21.98476833 -047.33999205
111 -21.98476568 -047.33986141
111 -21.98474963 -047.33980895
112 -21.98460732 -047.33981214 -21.98464775 -047.33981966
111 -21.98460732 -047.33981214
112 -21.98460732 -047.33981214 -21.98465279 -047.33980879
114 -21.98462189 -047.33999020 -21.98458054 -047.34000910
110 1 0.00 0.0000 New Taxiway 4
112 -21.98453962 -047.33999827 -21.98450353 -047.33999918
112 -21.98453579 -047.33981938 -21.98458201 -047.33981812
112 -21.98435712 -047.33982485 -21.98440259 -047.33983356
114 -21.98436309 -047.33999735 -21.98432174 -047.34001624
110 1 0.00 0.0000 New Taxiway 4
112 -21.98389547 -047.34000483 -21.98385938 -047.34000574
112 -21.98389163 -047.33982594 -21.98393785 -047.33982468
112 -21.98371296 -047.33983141 -21.98375843 -047.33984012
114 -21.98371893 -047.34000391 -21.98367758 -047.34002280
110 1 0.00 0.0000 New Taxiway 4
112 -21.98164144 -047.33999825 -21.98154922 -047.33999951
112 -21.98163303 -047.33982101 -21.98171124 -047.33981975
112 -21.98137973 -047.33982648 -21.98144043 -047.33983026
114 -21.98138570 -047.33999898 -21.98132759 -047.34000638
110 1 0.00 0.0000 New Taxiway 4
112 -21.98421442 -047.34000078 -21.98412220 -047.34000204
112 -21.98420601 -047.33982354 -21.98428422 -047.33982228
112 -21.98395271 -047.33982901 -21.98401341 -047.33983279
114 -21.98395868 -047.34000151 -21.98390058 -047.34000890
110 1 0.00 0.0000 New Taxiway 3
111 -21.99362781 -047.34093186 1 102
111 -21.99362316 -047.34037069 1 102
111 -21.99379472 -047.34053584 1 102
111 -21.99379569 -047.34092925 1 102
111 -21.99409409 -047.34093193 1 102
112 -21.99408872 -047.34060317 -21.99407681 -047.34054538 1 102
111 -21.99358501 -047.34009207 102
112 -21.99311007 -047.34009265 -21.99309988 -047.34009265 1 102
112 -21.99331888 -047.34031639 -21.99331888 -047.34044852 1 102
112 -21.99331550 -047.34072632 -21.99331550 -047.34083918 1 102
113 -21.99312746 -047.34093335 1 102
110 1 0.00 0.0000 New Taxiway 2
111 -21.98431533 -047.34096288 1 102
112 -21.98419904 -047.34069103 -21.98419904 -047.34052450 1 102
112 -21.98419266 -047.34026255 -21.98419877 -047.34018038 1 102
111 -21.98432986 -047.34010347 102
111 -21.98384719 -047.34010404 1 102
112 -21.98398213 -047.34027738 -21.98398789 -047.34035818 1 102
112 -21.98399047 -047.34069541 -21.98399328 -047.34085286 1 102
113 -21.98385900 -047.34096191 1 102
110 1 0.00 0.0000 New Taxiway 1
111 -21.97587619 -047.34000764 1 102
111 -21.97584624 -047.34000867 1 102
111 -21.97576060 -047.34001163 1 102
111 -21.97558771 -047.34001761 1 102
112 -21.97501038 -047.34060820 -21.97500506 -047.34068243 1 102
111 -21.97500967 -047.34099106 1 102
111 -21.97524697 -047.34098898 1 102
111 -21.97524697 -047.34060946 1 102
111 -21.97546121 -047.34036392 1 102
111 -21.97545488 -047.34098801 1 102
111 -21.97583860 -047.34098542 1 102
112 -21.97574488 -047.34081596 -21.97572803 -047.34071907 1 102
112 -21.97573943 -047.34031448 -21.97574565 -047.34013855 1 102
113 -21.97589261 -047.34011384 102
110 1 0.00 0.0000 New Taxiway 29
111 -21.97606519 -047.32713016 102
111 -21.97599192 -047.32749959 102
111 -21.97565016 -047.32784916 102
111 -21.97565023 -047.32810389 102
112 -21.97582076 -047.32826320 -21.97592431 -047.32825874 102
111 -21.97615827 -047.32826242
111 -21.97614806 -047.32807352 102
111 -21.97604061 -047.32807228 102
112 -21.97598860 -047.32791318 -21.97607393 -047.32782552 102
111 -21.97655900 -047.32734847 102
111 -21.97702600 -047.32710055 102
113 -21.97609903 -047.32709893 102
110 1 0.00 0.0000 New Taxiway 33
111 -21.99338521 -047.32816733 102
112 -21.99358350 -047.32793478 -21.99358702 -047.32781352 102
111 -21.99358588 -047.32771578 102
111 -21.99323400 -047.32736227 102
112 -21.99320511 -047.32703114 -21.99334425 -047.32692437 102
111 -21.99241282 -047.32701554 102
112 -21.99323228 -047.32784882 -21.99325171 -047.32814297
111 -21.99323228 -047.32784882
112 -21.99323228 -047.32784882 -21.99323556 -047.32789841 102
112 -21.99322899 -047.32797589 -21.99322403 -047.32801139
111 -21.99322899 -047.32797589
112 -21.99322899 -047.32797589 -21.99320455 -047.32815097
113 -21.99309896 -047.32816887 102
110 1 0.00 0.0000 New Taxiway 32
111 -21.98088921 -047.32805663 102
111 -21.98150818 -047.32805566 102
112 -21.98146613 -047.32793633 -21.98148213 -047.32785750 102
111 -21.98229354 -047.32706930 102
111 -21.98136838 -047.32707912 102
112 -21.98151514 -047.32723762 -21.98158257 -047.32739889 102
113 -21.98086462 -047.32805595 102
110 1 0.00 0.0000 New Taxiway 31
111 -21.98529288 -047.32803388 102
111 -21.98570946 -047.32802077 102
112 -21.98565473 -047.32792074 -21.98567163 -047.32783451 102
112 -21.98651524 -047.32703820 -21.98652740 -047.32703820 102
111 -21.98590102 -047.32704804 102
114 -21.98603785 -047.32721856 -21.98598616 -047.32728742 102
110 1 0.00 0.0000 New Taxiway 28
111 -21.98497214 -047.32924371
111 -21.98497214 -047.32816131
111 -21.98481899 -047.32816074
113 -21.98481899 -047.32924314
110 1 0.00 0.0000 New Taxiway 27
111 -21.99339295 -047.32816495
111 -21.99323683 -047.32797065 102
111 -21.97615580 -047.32807113
113 -21.97616601 -047.32826003 102
110 1 0.00 0.0000 New Taxiway 27
111 -21.99338521 -047.32816733
111 -21.99322909 -047.32797303 102
111 -21.97614806 -047.32807352
113 -21.97615827 -047.32826242 102
110 1 0.00 0.0000 New Taxiway 26
111 -21.98164979 -047.32926891
112 -21.98164483 -047.32819624 -21.98164511 -047.32819562
111 -21.98148766 -047.32819826
113 -21.98149848 -047.32927066
110 1 0.00 0.0000 New Taxiway 25
111 -21.98150399 -047.32933791
112 -21.98128275 -047.32963840 -21.98105844 -047.32965162
111 -21.98097366 -047.32964451
111 -21.98097366 -047.32999267
113 -21.98151258 -047.32998509
110 1 0.00 0.0000 New Taxiway 22
111 -21.98497038 -047.33016944
111 -21.98497038 -047.32919377
111 -21.98149844 -047.32924649
113 -21.98149844 -047.33013527
110 1 0.00 0.0000 New Taxiway 21
111 -21.98380310 -047.33121508
111 -21.98380142 -047.32999653
111 -21.98140064 -047.32998458
113 -21.98139524 -047.33120834
111 -21.98152155 -047.33046832
111 -21.98152005 -047.33023640
111 -21.98209544 -047.33022512
113 -21.98209505 -047.33045060
111 -21.98235876 -047.33045166
111 -21.98235876 -047.33023000
111 -21.98292958 -047.33022154
113 -21.98293166 -047.33045166
111 -21.98320602 -047.33045116
111 -21.98320558 -047.33021776
111 -21.98368314 -047.33021162
113 -21.98368286 -047.33044965
110 1 0.00 0.0000 New Taxiway 19
111 -21.98404109 -047.33036345
111 -21.98383442 -047.33036944
111 -21.98383833 -047.33045379
111 -21.98397098 -047.33045598
111 -21.98397257 -047.33138276
113 -21.98404349 -047.33137861
110 1 0.00 0.0000 New Taxiway 19
111 -21.98238772 -047.33119214
111 -21.98228705 -047.33119010
111 -21.98229941 -047.33172742
113 -21.98240445 -047.33172463
110 1 0.00 0.0000 New Taxiway 19
111 -21.98383790 -047.32984106
111 -21.98373723 -047.32983902
111 -21.98375012 -047.33173177
113 -21.98385516 -047.33172898
110 1 0.00 0.0000 New Taxiway 19
111 -21.98139448 -047.33120752
112 -21.98123800 -047.33128887 -21.98120058 -047.33121933
112 -21.98123398 -047.33152416 -21.98123398 -047.33134265
111 -21.98123398 -047.33152416
112 -21.98123398 -047.33152416 -21.98123398 -047.33143399
111 -21.98139378 -047.33142550
111 -21.98404270 -047.33144634
111 -21.98404349 -047.33137861
112 -21.98140870 -047.33135854 -21.98140905 -047.33135884
111 -21.98140870 -047.33135854
112 -21.98140870 -047.33135854 -21.98135964 -047.33133209
113 -21.98149977 -047.33120320
110 1 0.00 0.0000 New Taxiway 19
111 -21.98123111 -047.33132844
111 -21.98085238 -047.33133685
111 -21.98085300 -047.33139985
113 -21.98123111 -047.33139536
110 1 0.00 0.0000 New Taxiway 19
111 -21.98726438 -047.33169637
111 -21.98089325 -047.33172841
112 -21.98087366 -047.33167409 -21.98087059 -047.33163689
111 -21.98087378 -047.33096068
111 -21.98082855 -047.33096163
111 -21.97993187 -047.33095945
111 -21.97992686 -047.33180177
111 -21.98072290 -047.33178019
111 -21.98072570 -047.33171856
112 -21.98082288 -047.33172097 -21.98082290 -047.33172172
111 -21.98082288 -047.33172097
112 -21.98082288 -047.33172097 -21.98082518 -047.33181354
111 -21.98089326 -047.33179268
113 -21.98726438 -047.33176329
110 1 0.00 0.0000 New Taxiway 19
111 -21.99511820 -047.33672933
111 -21.99167746 -047.33674064
111 -21.99158163 -047.33091021
111 -21.99146093 -047.33052459
111 -21.99141229 -047.33052427
111 -21.99152339 -047.33091017
111 -21.99152511 -047.33125951
111 -21.99104446 -047.33126833
111 -21.99104446 -047.33110585
111 -21.99080630 -047.33111022
111 -21.99079670 -047.33082061
111 -21.99064307 -047.33082281
111 -21.99063434 -047.33050972
111 -21.99053379 -047.33051192
111 -21.99054473 -047.33083010
111 -21.98990448 -047.33083571
111 -21.98990667 -047.33060475
111 -21.98952129 -047.33061344
111 -21.98952161 -047.33088453
111 -21.98973601 -047.33088453
111 -21.98975197 -047.33225847
111 -21.98898611 -047.33225286
111 -21.98899839 -047.33439254
111 -21.98903985 -047.33439164
111 -21.98904108 -047.33478528
111 -21.98991272 -047.33478553
111 -21.98990886 -047.33448361
111 -21.99058423 -047.33447654
111 -21.99056705 -047.33370717
111 -21.98989906 -047.33371722
111 -21.98989888 -047.33373569
111 -21.99055033 -047.33372426
111 -21.99054582 -047.33306023
111 -21.99022720 -047.33305785
111 -21.99022919 -047.33321424
111 -21.98989259 -047.33321159
111 -21.98987662 -047.33196303
111 -21.99081807 -047.33198177
111 -21.99081142 -047.33170559
111 -21.98999551 -047.33171504
111 -21.98998709 -047.33142132
111 -21.99063681 -047.33141580
111 -21.99063934 -047.33153941
111 -21.99066632 -047.33153918
111 -21.99066632 -047.33141819
111 -21.99095242 -047.33141304
111 -21.99095160 -047.33153586
111 -21.99104683 -047.33153470
111 -21.99104355 -047.33133477
111 -21.99152543 -047.33132907
111 -21.99152636 -047.33152167
111 -21.98985801 -047.33154816
111 -21.98985822 -047.33159162
111 -21.99152662 -047.33157382
111 -21.99153516 -047.33333224
111 -21.99053953 -047.33336416
111 -21.99054016 -047.33349527
111 -21.99153592 -047.33348820
111 -21.99153622 -047.33355059
111 -21.99106811 -047.33420546
111 -21.99106835 -047.33422429
111 -21.99057209 -047.33423894
111 -21.99057337 -047.33433749
111 -21.99106980 -047.33433616
111 -21.99107650 -047.33485213
111 -21.99156672 -047.33484759
111 -21.99158751 -047.33673694
111 -21.98305005 -047.33675610
111 -21.98301467 -047.33173031
111 -21.98293275 -047.33173209
111 -21.98296451 -047.33675746
111 -21.98102247 -047.33677021
111 -21.98102305 -047.33683446
111 -21.99155728 -047.33681548
111 -21.99155574 -047.33697322
111 -21.99169613 -047.33697267
111 -21.99169418 -047.33681107
111 -21.99210186 -047.33681011
111 -21.99210195 -047.33697245
111 -21.99222251 -047.33697215
111 -21.99222013 -047.33680969
111 -21.99448484 -047.33680395
111 -21.99448737 -047.33696620
111 -21.99464640 -047.33696576
111 -21.99464207 -047.33679945
111 -21.99487359 -047.33679911
111 -21.99487381 -047.33695975
113 -21.99512004 -047.33695865
111 -21.99152883 -047.33373683
111 -21.99152664 -047.33418253
113 -21.99121395 -047.33419668
110 1 0.00 0.0000 New Taxiway 19
111 -21.99512004 -047.33695865
111 -21.98102294 -047.33699931
111 -21.98102352 -047.33706356
113 -21.99512004 -047.33702557
110 1 0.00 0.0000 New Taxiway 19
111 -21.98123558 -047.33734024
111 -21.97724419 -047.33734702
111 -21.97724477 -047.33741127
113 -21.98123558 -047.33740716
110 1 0.00 0.0000 New Taxiway 19
111 -21.98149199 -047.33861688
111 -21.98119037 -047.33861916
111 -21.98119095 -047.33870936
113 -21.98149199 -047.33870976
110 1 0.00 0.0000 New Taxiway 20
111 -21.98102344 -047.33740752
111 -21.98108413 -047.33740711
111 -21.98107646 -047.33101959
111 -21.98117890 -047.33101815
111 -21.98117903 -047.33079918
111 -21.98085302 -047.33080090
111 -21.98085305 -047.33102074
113 -21.98102222 -047.33101959
110 1 0.00 0.0000 New Taxiway 20
111 -21.98117409 -047.33870853
111 -21.98123822 -047.33870867
111 -21.98123721 -047.33507925
111 -21.98158109 -047.33507828
111 -21.98158471 -047.33558290
111 -21.98170888 -047.33558206
111 -21.98170882 -047.33601160
111 -21.98242188 -047.33604028
111 -21.98242125 -047.33425534
111 -21.98157728 -047.33427154
111 -21.98157242 -047.33493412
111 -21.98123714 -047.33493927
111 -21.98123575 -047.32997342
113 -21.98117422 -047.32998269
110 1 0.00 0.0000 New Taxiway 18
111 -21.98415776 -047.33897664
111 -21.98415307 -047.33759878
111 -21.98138954 -047.33756038
113 -21.98139844 -047.33895743
110 1 0.00 0.0000 New Taxiway 17
111 -21.98475408 -047.33921457
111 -21.98850030 -047.33921011
111 -21.98850012 -047.33899748
114 -21.98474405 -047.33898733 -21.98475408 -047.33898733
110 1 0.00 0.0000 New Taxiway 16
111 -21.98789121 -047.34244623 1 102
112 -21.98767260 -047.34222751 -21.98767116 -047.34207407 1 102
112 -21.98767409 -047.34172555 -21.98767409 -047.34153936 1 102
111 -21.98785321 -047.34138712 1 102
111 -21.98723799 -047.34138893 1 102
112 -21.98742021 -047.34170813 -21.98742432 -047.34201402
111 -21.98742021 -047.34170813
112 -21.98742021 -047.34170813 -21.98742021 -047.34171150 1 102
112 -21.98742105 -047.34222699 -21.98741694 -047.34241843 1 102
113 -21.98723013 -047.34244636 1 102
110 1 0.00 0.0000 New Taxiway 11
111 -21.99016737 -047.34094083 1 102
111 -21.99078555 -047.34094083 1 102
112 -21.99058239 -047.34070239 -21.99057313 -047.34053917 1 102
112 -21.99057453 -047.34035074 -21.99057762 -047.34017420 1 102
111 -21.99078767 -047.34009553 102
111 -21.99015692 -047.34009629 1 102
112 -21.99033911 -047.34034681 -21.99033911 -047.34053334 1 102
114 -21.99033281 -047.34069818 -21.99033281 -047.34085140 1 102
110 1 0.00 0.0000 New Taxiway 10
111 -21.98722597 -047.34094714 1 102
111 -21.98787044 -047.34095003 1 102
112 -21.98767547 -047.34061652 -21.98767025 -047.34036884 1 102
112 -21.98767233 -047.34035952 -21.98767233 -047.34013104 1 102
111 -21.98794214 -047.34009902 102
111 -21.98717460 -047.34009998 1 102
112 -21.98739729 -047.34036325 -21.98740229 -047.34062745 1 102
114 -21.98740229 -047.34062931 -21.98740229 -047.34081099 1 102
110 1 0.00 0.0000 New Taxiway 8
112 -21.97836103 -047.34097964 -21.97841335 -047.34097790
111 -21.97836103 -047.34097964
112 -21.97836103 -047.34097964 -21.97839569 -047.34097317 1 102
111 -21.97882449 -047.34097612 1 102
112 -21.97865431 -047.34075538 -21.97863936 -047.34060224 1 102
112 -21.97865507 -047.34025444 -21.97865881 -047.34012548 1 102
111 -21.97880557 -047.34011026 102
111 -21.97839427 -047.34011076 1 102
112 -21.97847536 -047.34025592 -21.97847546 -047.34035849
111 -21.97847536 -047.34025592
112 -21.97847536 -047.34025592 -21.97847552 -047.34041748 1 102
112 -21.97847117 -047.34075902 -21.97847133 -047.34092199
111 -21.97847117 -047.34075902
114 -21.97847117 -047.34075902 -21.97847127 -047.34094726 1 102
120 Linear Feature 11
112 -21.98490203 -047.32973423 -21.98490203 -047.32968769 1
115 -21.98486405 -047.32968878
120 Linear Feature 4
111 -21.98371923 -047.33014504 1
112 -21.98387254 -047.33011727 -21.98396918 -047.33011388
111 -21.98387254 -047.33011727
112 -21.98387254 -047.33011727 -21.98399960 -047.33011281 1
111 -21.98409241 -047.33011467 1
111 -21.98476226 -047.33012086 1
112 -21.98489798 -047.33005866 -21.98490108 -047.32998067 1
111 -21.98490259 -047.32993821 1
115 -21.98490157 -047.32959636
120 Linear Feature 74
111 -21.97512876 -047.34199975 1 101
115 -21.97513007 -047.34142276
120 Linear Feature 73
112 -21.97576968 -047.34006946 -21.97559500 -047.34007493 1 101
111 -21.97545983 -047.34023476 1 101
112 -21.97513568 -047.34060719 -21.97513217 -047.34066015 1 101
115 -21.97513279 -047.34098899
120 Linear Feature 71
111 -21.98149627 -047.34024100 1 101
116 -21.98162613 -047.34010675 -21.98172761 -047.34010909
120 Linear Feature 70
111 -21.97856535 -047.34027269 1 101
116 -21.97866897 -047.34011071 -21.97877734 -047.34011071
120 Linear Feature 69
111 -21.97855673 -047.34085951 1 101
116 -21.97883077 -047.34119466 -21.97896070 -047.34119466
120 Linear Feature 68
112 -21.97849462 -047.34011113 -21.97856591 -047.34011307 1 101
111 -21.97856521 -047.34027217 1 101
111 -21.97855673 -047.34085951 1 101
116 -21.97834772 -047.34119497 -21.97820028 -047.34119497
120 Linear Feature 66
111 -21.98149747 -047.34151708 1 101
112 -21.98180439 -047.34118610 -21.98203039 -047.34119220 101
112 -21.98180439 -047.34118610 -21.98157839 -047.34118001 1 101
115 -21.98149747 -047.34086455
120 Linear Feature 65
112 -21.98137865 -047.34010703 -21.98146926 -047.34010781 1 101
111 -21.98149772 -047.34024099 1 101
111 -21.98149860 -047.34086233 1 101
112 -21.98120656 -047.34118780 -21.98098136 -047.34119145
111 -21.98120656 -047.34118780
112 -21.98120656 -047.34118780 -21.98115630 -047.34120478 101
112 -21.98120656 -047.34118780 -21.98120716 -047.34118779
111 -21.98120656 -047.34118780
112 -21.98120656 -047.34118780 -21.98143177 -047.34118415 1 101
111 -21.98149987 -047.34151195 1 101
115 -21.98151486 -047.34199883
120 Linear Feature 64
111 -21.98408245 -047.34027432 1 101
116 -21.98420439 -047.34010366 -21.98433443 -047.34004541
120 Linear Feature 63
111 -21.98409320 -047.34079151 1 101
116 -21.98432912 -047.34117929 -21.98452033 -047.34117929
120 Linear Feature 62
112 -21.98387524 -047.34117979 -21.98405102 -047.34117979 1 101
111 -21.98409243 -047.34079132 1 101
111 -21.98408333 -047.34027277 1 101
116 -21.98396508 -047.34010390 -21.98386781 -047.34009186
120 Linear Feature 57
112 -21.98768831 -047.34009981 -21.98752652 -047.34019674 1 101
111 -21.98753954 -047.34036622 1 101
116 -21.98740422 -047.34010143 -21.98729636 -047.34000865
120 Linear Feature 61
111 -21.98753085 -047.34147980 1 101
116 -21.98785476 -047.34116824 -21.98812154 -047.34116438
120 Linear Feature 60
111 -21.98754822 -047.34197713 1 101
111 -21.98753085 -047.34147980 1 101
116 -21.98723730 -047.34117038 -21.98703636 -047.34116959
120 Linear Feature 59
111 -21.98753672 -047.34083447 1 101
116 -21.98785476 -047.34116824 -21.98814616 -047.34116824
120 Linear Feature 58
111 -21.98753950 -047.34036636 1 101
111 -21.98753720 -047.34083334 1 101
116 -21.98723730 -047.34117038 -21.98697840 -047.34117575
120 Linear Feature 56
111 -21.99045599 -047.34074978 1 101
116 -21.99082823 -047.34115845 -21.99124237 -047.34116473
120 Linear Feature 55
111 -21.99046013 -047.34034697 1 101
111 -21.99045618 -047.34074910 1 101
116 -21.99013691 -047.34116334 -21.98982050 -047.34116974
120 Linear Feature 54
112 -21.99033375 -047.34009614 -21.99042492 -047.34011932 1 101
112 -21.99046019 -047.34034681 -21.99046020 -047.34034602
111 -21.99046019 -047.34034681
112 -21.99046019 -047.34034681 -21.99046042 -047.34032579 1 101
116 -21.99057769 -047.34009588 -21.99068300 -047.34009587
120 Linear Feature 52
111 -21.99322312 -047.34003360 1 101
112 -21.99339765 -047.34005024 -21.99349928 -047.34007994 1 101
111 -21.99374161 -047.34035535 1 101
111 -21.99393915 -047.34057076 1 101
112 -21.99394761 -047.34061173 -21.99394761 -047.34064791 1 101
115 -21.99394791 -047.34093203
120 Linear Feature 72
111 -21.97588613 -047.34005906 1 101
112 -21.97576968 -047.34006946 -21.97563586 -047.34008243 1 101
112 -21.97561000 -047.34028007 -21.97561188 -047.34039359 1 101
111 -21.97560775 -047.34089500 1 101
116 -21.97595473 -047.34119888 -21.97624425 -047.34119280
120 Linear Feature 50
111 -21.97588613 -047.34005906 1 101
111 -21.99322312 -047.34003360 1 101
112 -21.99348198 -047.34050489 -21.99347659 -047.34095066
111 -21.99348198 -047.34050489
112 -21.99348198 -047.34050489 -21.99348198 -047.34050491 1 101
112 -21.99347973 -047.34073688 -21.99348062 -047.34074255
111 -21.99347973 -047.34073688
112 -21.99347973 -047.34073688 -21.99348135 -047.34090817 1 101
116 -21.99315350 -047.34115268 -21.99302460 -047.34120894
120 Linear Feature 53
111 -21.99394459 -047.34136899 1 101
115 -21.99394441 -047.34196539
120 Linear Feature 49
111 -21.98160065 -047.32776853 4 103
115 -21.98120699 -047.32771633
120 Linear Feature 47
111 -21.97609903 -047.32780266 4 103
115 -21.97580714 -047.32768874
120 Linear Feature 43
111 -21.98589000 -047.32764372 4 103
115 -21.98573849 -047.32755233
120 Linear Feature 7
111 -21.97582082 -047.32767554 4 103
115 -21.97611340 -047.32778822
120 Linear Feature 6
111 -21.98122164 -047.32769787 4 103
115 -21.98161461 -047.32775502
120 Linear Feature 5
111 -21.98574445 -047.32754545 4 103
115 -21.98589827 -047.32763733
120 Linear Feature 4
111 -21.99318398 -047.32771051 4 103
115 -21.99342112 -047.32755393
120 Linear Feature 40
111 -21.99344418 -047.32758411 4 103
115 -21.99320009 -047.32773636
120 Linear Feature 88
111 -21.99409173 -047.34195406 4 103
115 -21.99379380 -047.34195327
120 Linear Feature 39
111 -21.99379460 -047.34197018 4 103
115 -21.99409170 -047.34197029
120 Linear Feature 37
111 -21.99331486 -047.34050177 4 103
115 -21.99362405 -047.34050680
120 Linear Feature 36
111 -21.99371572 -047.34045988 4 103
115 -21.99384021 -047.34033381
120 Linear Feature 87
111 -21.99383324 -047.34032747 4 103
115 -21.99370963 -047.34045440
120 Linear Feature 86
111 -21.99362375 -047.34049925 4 103
115 -21.99331604 -047.34049561
120 Linear Feature 85
111 -21.99057385 -047.34034600 4 103
115 -21.99033861 -047.34034813
120 Linear Feature 34
111 -21.99033911 -047.34035676 4 103
115 -21.99057459 -047.34035692
120 Linear Feature 33
111 -21.98739741 -047.34036841 4 103
115 -21.98767225 -047.34036454
120 Linear Feature 31
111 -21.98741360 -047.34198259 4 103
115 -21.98767417 -047.34198259
120 Linear Feature 30
111 -21.98398555 -047.34041528 4 103
115 -21.98419253 -047.34041502
120 Linear Feature 29
111 -21.98141305 -047.34199844 4 103
115 -21.98161095 -047.34200089
120 Linear Feature 28
111 -21.98140556 -047.34040322 4 103
115 -21.98159187 -047.34040322
120 Linear Feature 27
111 -21.97847378 -047.34038162 4 103
115 -21.97865010 -047.34038162
120 Linear Feature 26
111 -21.97545800 -047.34061061 4 103
115 -21.97573436 -047.34061061
120 Linear Feature 25
111 -21.97522156 -047.34036339 4 103
115 -21.97532999 -047.34051643
120 Linear Feature 24
111 -21.97500775 -047.34200332 4 103
115 -21.97524573 -047.34200156
120 Linear Feature 84
111 -21.98767172 -047.34035070 4 103
115 -21.98739677 -047.34035587
120 Linear Feature 83
111 -21.98419264 -047.34040929 4 103
115 -21.98398629 -047.34041044
120 Linear Feature 82
111 -21.98159214 -047.34039484 4 103
115 -21.98140358 -047.34039621
120 Linear Feature 81
111 -21.97865074 -047.34036836 4 103
115 -21.97847443 -047.34036795
120 Linear Feature 80
111 -21.97573258 -047.34059545 4 103
115 -21.97545847 -047.34059545
120 Linear Feature 79
111 -21.97524555 -047.34198278 4 103
115 -21.97500873 -047.34198677
120 Linear Feature 76
111 -21.97533827 -047.34050552 4 103
115 -21.97523103 -047.34035540
120 Linear Feature 4
112 -21.98144977 -047.34005128 -21.98150605 -047.34004965 1
111 -21.98150304 -047.33999275 1
116 -21.98154827 -047.34005128 -21.98159399 -047.34005290
120 Linear Feature 2
111 -21.97956709 -047.33999770 1
111 -21.97956709 -047.33945487 1
112 -21.97958822 -047.33938675 -21.97961388 -047.33936355 1
111 -21.97964144 -047.33936417 1
111 -21.98143628 -047.33936852 1
112 -21.98148869 -047.33939164 -21.98150328 -047.33941459 1
111 -21.98150532 -047.33946952 1
115 -21.98150304 -047.33999275
120 Linear Feature 13
111 -21.98385970 -047.32812359 1
112 -21.98369494 -047.32812655 -21.98369609 -047.32812660
111 -21.98369494 -047.32812655
112 -21.98369494 -047.32812655 -21.98376254 -047.32812955 1
111 -21.98378424 -047.32821892 1
116 -21.98385970 -047.32812359 -21.98391558 -047.32812267
120 Linear Feature 12
111 -21.98163368 -047.32814002 1
112 -21.98150597 -047.32814016 -21.98150718 -047.32814024
111 -21.98150597 -047.32814016
112 -21.98150597 -047.32814016 -21.98155990 -047.32814409 1
111 -21.98156311 -047.32823380 1
116 -21.98163368 -047.32814002 -21.98170112 -047.32814002
120 Linear Feature 11
112 -21.98372493 -047.32971536 -21.98376153 -047.32971706 1
111 -21.98382886 -047.32968556 1
116 -21.98377852 -047.32963018 -21.98377998 -047.32958100
120 Linear Feature 14
111 -21.98494996 -047.32812810 1
112 -21.98484341 -047.32812522 -21.98484396 -047.32812526
111 -21.98484341 -047.32812522
112 -21.98484341 -047.32812522 -21.98490007 -047.32812974 1
111 -21.98490271 -047.32821523 1
116 -21.98494996 -047.32812810 -21.98499990 -047.32812810
120 Linear Feature 10
111 -21.98382886 -047.32968556 1
111 -21.98486405 -047.32968878 1
112 -21.98489638 -047.32966855 -21.98490412 -047.32964769 1
111 -21.98490157 -047.32959636 1
115 -21.98490271 -047.32821523
120 Linear Feature 15
112 -21.98377834 -047.32937018 -21.98377834 -047.32929547 1
111 -21.98372012 -047.32926852 1
116 -21.98377945 -047.32915345 -21.98378004 -047.32906101
120 Linear Feature 14
112 -21.98377834 -047.32937018 -21.98377776 -047.32930415 1
111 -21.98384200 -047.32926731 1
116 -21.98377945 -047.32915345 -21.98377945 -047.32907170
120 Linear Feature 9
111 -21.98156311 -047.32823380 1
111 -21.98157073 -047.32957583 1
112 -21.98159830 -047.32968511 -21.98162176 -047.32971463 1
111 -21.98169500 -047.32971355 1
111 -21.98372493 -047.32971536 1
112 -21.98376920 -047.32968050 -21.98378408 -047.32964612 1
111 -21.98377725 -047.32958461 1
111 -21.98377834 -047.32937018 1
111 -21.98377945 -047.32915345 1
115 -21.98378424 -047.32821892
120 Linear Feature 7
112 -21.97956693 -047.33986067 -21.97956739 -047.33980057 1
111 -21.97961132 -047.33978461 1
116 -21.97956715 -047.33970537 -21.97956715 -047.33964281
120 Linear Feature 6
111 -21.97961132 -047.33978461 1
115 -21.98145233 -047.33979135
120 Linear Feature 5
112 -21.97951392 -047.34005358 -21.97957158 -047.34004951 1
111 -21.97956709 -047.33999770 1
116 -21.97961455 -047.34005424 -21.97966020 -047.34005387
120 Linear Feature 8
112 -21.98150353 -047.33985205 -21.98149698 -047.33979283 1
111 -21.98145233 -047.33979135 1
116 -21.98150413 -047.33973379 -21.98150498 -047.33967720
120 Linear Feature 1
111 -21.98143628 -047.33936852 1
112 -21.98148540 -047.33934475 -21.98151165 -047.33932183 1
111 -21.98150806 -047.33929420 1
111 -21.98150769 -047.33904832 1
112 -21.98140137 -047.33891947 -21.98130437 -047.33891355 1
111 -21.98122844 -047.33891531 1
111 -21.98001388 -047.33892067 1
112 -21.97966738 -047.33892055 -21.97955665 -047.33892055 1
111 -21.97956846 -047.33909215 1
115 -21.97956709 -047.33945487
120 Linear Feature 12
112 -21.98157029 -047.32937257 -21.98157029 -047.32928734 1
111 -21.98162346 -047.32928936 1
116 -21.98156837 -047.32919410 -21.98156625 -047.32909822
120 Linear Feature 3
111 -21.98162346 -047.32928936 1
111 -21.98372012 -047.32926852 1
111 -21.98384200 -047.32926731 1
115 -21.98482177 -047.32925757
120 Linear Feature 2
111 -21.98169500 -047.32971355 1
112 -21.98158234 -047.32978511 -21.98158140 -047.32984892 1
112 -21.98158031 -047.33010277 -21.98158425 -047.33018418 1
111 -21.98176492 -047.33017034 1
111 -21.98362538 -047.33016643 1
112 -21.98377448 -047.33003578 -21.98377947 -047.32990247 1
111 -21.98377652 -047.32980827 1
115 -21.98377852 -047.32963018
120 Linear Feature 9
111 -21.98372493 -047.32971536 1
116 -21.98377652 -047.32980827 -21.98377669 -047.32990034
120 Linear Feature 8
112 -21.98387254 -047.33011727 -21.98377094 -047.33012095 1
115 -21.98377448 -047.33003578
120 Linear Feature 19
111 -21.98053549 -047.33998326 1
115 -21.98053492 -047.33989002
120 Linear Feature 18
112 -21.98048694 -047.34005204 -21.98053184 -047.34005204 1
111 -21.98053549 -047.33998326 1
116 -21.98058839 -047.34005188 -21.98063329 -047.34005188
120 Linear Feature 17
112 -21.98047781 -047.33978799 -21.98052977 -047.33978799 1
111 -21.98053492 -047.33989002 1
116 -21.98059749 -047.33978792 -21.98066484 -047.33978792
120 Linear Feature 6
111 -21.98150532 -047.33946952 1
115 -21.98150806 -047.33929420
120 Linear Feature 7
112 -21.97956846 -047.33926861 -21.97956822 -047.33935842 1
115 -21.97964144 -047.33936417
120 Linear Feature 16
112 -21.98490183 -047.32938466 -21.98490183 -047.32929811 1
111 -21.98482177 -047.32925757 1
116 -21.98490163 -047.32915421 -21.98490163 -047.32906766
120 Linear Feature 13
111 -21.98158234 -047.32978511 1
115 -21.98157073 -047.32957583
120 Linear Feature 10
111 -21.98377652 -047.32980827 1
116 -21.98382886 -047.32968556 -21.98387667 -047.32964044
21 -21.99075891 -047.34159211 2 359.8400 3.00 02C PAPI-4L
21 -21.97680758 -047.34076833 2 179.8400 3.00 20C PAPI-4L
18 -21.98443208 -047.34212444 1 BCN
19 -21.99418882 -047.34211300 1 WS
19 -21.97513882 -047.34042400 1 WS
19 -21.99419682 -047.34361600 1 WS
19 -21.97493904 -047.34192463 1 WS
19 -21.99365130 -047.32772749 1 WS
19 -21.98156593 -047.32657079 1 WS
53 12190 GND
54 11830 ACADEMIA TWR
54 12280 ACADEMIA TWR
55 12010 ACADEMIA APP
55 12240 ACADEMIA APP
99
